76.76110911369324
11.161648273468018
11.080111742019653
8.53059697151184
8.051070928573608
3.0628819465637207
5.293291091918945
13.641851663589478
14.703423261642456
11.886168718338013
15.175831079483032
19.380990266799927
74.39446353912354
23.983429431915283
13.748286485671997
10.602033376693726
12.146291255950928
38.269150733947754
16.60871934890747
13.29427456855774
7.344470739364624
17.262144565582275
43.03031826019287
19.02036762237549
10.065890550613403
16.115715742111206
47.2489287853241
18.049745321273804
17.25792622566223
19.526383638381958
20.157823085784912
10.946434736251831
16.435284852981567
8.634235382080078
7.852648973464966
27.085184335708618
15.312712907791138
4.3407135009765625
7.687662124633789
13.425512075424194
12.034594297409058
9.212743759155273
24.154331922531128
13.773826837539673
14.070252418518066
47.83807301521301
10.229487180709839
27.2135968208313
16.878169775009155
8.39779543876648
23.291765213012695
8.363213300704956
20.11310911178589
28.77022099494934
13.236060857772827
20.199312686920166
26.39704179763794
23.22437882423401
9.339489459991455
9.138872385025024
20.090113162994385
33.03376030921936
12.100994348526001
34.21361064910889
33.877100229263306
17.92746663093567
22.980983018875122
22.584577083587646
15.961320400238037
10.92495322227478
13.590973615646362
49.82607340812683
19.731361865997314
18.03944492340088
22.24569344520569
12.005470752716064
10.546586751937866
12.3355872631073
11.521308422088623
17.881498336791992
13.409862756729126
14.691769361495972
11.120247840881348
5.825908184051514
16.38736367225647
44.42953586578369
8.297273874282837
5.389436960220337
7.4405903816223145
50.489800214767456
17.147725582122803
7.106592178344727
12.31537652015686
25.791288137435913
9.285343170166016
2.3735005855560303
7.5808424949646
16.032481908798218
10.810198068618774
13.750609159469604
